1040712
1040713
1196777
1196778
1334235
1334236
1334237
1334238
1334239
1334240
1334241
1334242
1334243
1334244
1334245
1334246
1334247
1334248
1334249
1334250
1334331
1334384
1334385
1334388
1334390
1334391
1334392
 560723
 560724
 578336
 578337
 595476
 595523
 602808
 602875
 603753
 603754
 603755
 603756
 603757
 603758
 603759
 603760
 603761
 603762
 603763
 603764
 603765
 603766
 603767
 603768
 603769
 603770
 603771
 603772
 603773
 603774
 603775
 603776
 603777
 603778
 603779
 603780
 603781
 603782
 603783
 603784
 603785
 603786
 603787
 603788
 603789
 603790
 603791
 603792
 603793
 603794
 603795
 603796
 603797
 603798
 603799
 603800
 603801
 603802
 603803
 603804
 603805
 603806
 603807
 603808
 603809
 603810
 603811
 603812
 603813
 603814
 603815
 603816
 603817
 603818
 603819
 603820
 603821
 603822
 603823
 603824
 603825
 603826
 603827
 603828
 603829
 603830
 603831
 603832
 603833
 603834
 603835
 603836
 603837
 603838
 603839
 603840
 603841
 603842
 603843
 603844
 603845
 603846
 603847
 603848
 603849
 603850
 603851
 603852
 603853
 603854
 603855
 603856
 603857
 603858
 603859
 603860
 603861
 603862
 603863
 603864
 603865
 603866
 603867
 603868
 603869
 603870
 603871
 603872
 603873
 603874
 603875
 603876
 603877
 603878
 603879
 603880
 603910
 603912
 614669
 614863
 621569
 621570
 625130
 625131
 625348
 626131
 626132
 626421
 627859
 627943
   6459
   6460
   6467
   6468
   6476
   6480
   6481
   6526
   6527
   6643
   6653
   6654
   6655
   6656
   6657
   6658
   6669
   6677
 668113
   6683
 668373
   6684
   6685
   6686
   6687
   6688
   6689
   6690
   6691
   6692
   6734
   6735
   6736
   6737
   6738
   6739
   6740
   6741
   6742
   6743
   6744
   6745
   6746
   6747
   6748
   6749
   6750
   6751
   6752
   6753
   6754
   6755
   6756
   6757
   6758
   6763
   6764
   6765
   6766
   6767
   6768
   6769
   6770
   6771
   6772
   6773
   6774
   6923
   6924
   6925
   6926
   6927
   6928
   6929
   6933
   7008
   7009
   7074
   7075
   7119
   7120
   7121
   7122
   7123
   7124
   7125
   7126
   7127
   7128
   7129
   7130
   7131
   7132
   7133
   7134
   7135
   7136
   7137
   7138
   7139
   7140
   7141
   7142
   7143
   7144
   7145
   7146
   7147
   7148
   7149
   7150
   7151
   7152
   7153
   7154
   7155
   7156
   7157
   7158
   7159
   7160
   7161
   7162
   7163
   7164
   7165
   7166
   7167
   7168
   7169
   7170
   7171
   7172
   7173
   7174
   7175
   7176
   7177
   7178
   7179
   7180
   7181
   7182
   7183
   7184
   7185
   7186
   7187
   7188
   7189
   7190
   7191
   7192
   7193
   7194
   7195
   7196
   7197
   7198
   7199
   7200
   7201
   7202
   7203
   7204
   7205
   7206
   7207
   7208
   7209
   7210
   7211
   7212
   7213
   7214
   7215
   7216
   7217
   7218
   7219
   7220
   7221
   7222
   7223
   7224
   7225
   7226
   7227
   7228
   7229
   7230
   7231
   7232
   7233
   7234
   7235
   7236
   7237
   7238
   7239
   7240
   7241
   7242
   7243
   7244
   7245
   7246
   7359
   7360
   7361
   7374
   7504
   7508
